

TON = 0.0000066;

TF=0.00001;

